function create2020

d8 = uint8(0);
d8New = uint8(0);

baris = 20;
kolom = 20;

dr = [
        255 255 255 255 255 255 255 255 153 153 153 153 255 255 255 255 255 255 255 255;
        255 255 255 255 255 255 255 255 153 153 153 153 255 255 255 255 255 255 255 255;
        255 255 255 255 255 255 255 255 153 153 153 153 255 255 255 255 255 255 255 255;
        255 255 255 255 255 255 255 255 153 153 153 153 255 255 255 255 255 255 255 255;
        255 255 255 255 153 153 153 153 153 153 153 153 153 153 153 153 255 255 255 255;
        255 255 255 255 153 153 153 153 153 153 153 153 153 153 153 153 255 255 255 255;
        255 255 255 255 153 153 153 153 153 153 153 153 153 153 153 153 255 255 255 255;
        255 255 255 255 153 153 153 153 153 153 153 153 153 153 153 153 255 255 255 255;
        153 153 153 153 153 153 153 153 255 255 255 255 153 153 153 153 153 153 153 153;
        153 153 153 153 153 153 153 153 255 255 255 255 153 153 153 153 153 153 153 153;
        153 153 153 153 153 153 153 153 255 255 255 255 153 153 153 153 153 153 153 153;
        153 153 153 153 153 153 153 153 255 255 255 255 153 153 153 153 153 153 153 153;
        255 255 255 255 153 153 153 153 153 153 153 153 153 153 153 153 255 255 255 255;
        255 255 255 255 153 153 153 153 153 153 153 153 153 153 153 153 255 255 255 255;
        255 255 255 255 153 153 153 153 153 153 153 153 153 153 153 153 255 255 255 255;
        255 255 255 255 153 153 153 153 153 153 153 153 153 153 153 153 255 255 255 255;
        255 255 255 255 255 255 255 255 153 153 153 153 255 255 255 255 255 255 255 255;
        255 255 255 255 255 255 255 255 153 153 153 153 255 255 255 255 255 255 255 255;
        255 255 255 255 255 255 255 255 153 153 153 153 255 255 255 255 255 255 255 255;
        255 255 255 255 255 255 255 255 153 153 153 153 255 255 255 255 255 255 255 255 ];
    
dg = [
        255 255 255 255 255 255 255 255 51 51 51 51 255 255 255 255 255 255 255 255;
        255 255 255 255 255 255 255 255 51 51 51 51 255 255 255 255 255 255 255 255;
        255 255 255 255 255 255 255 255 51 51 51 51 255 255 255 255 255 255 255 255;
        255 255 255 255 255 255 255 255 51 51 51 51 255 255 255 255 255 255 255 255;
        255 255 255 255 51 51 51 51 51 51 51 51 51 51 51 51 255 255 255 255;
        255 255 255 255 51 51 51 51 51 51 51 51 51 51 51 51 255 255 255 255;
        255 255 255 255 51 51 51 51 51 51 51 51 51 51 51 51 255 255 255 255;
        255 255 255 255 51 51 51 51 51 51 51 51 51 51 51 51 255 255 255 255;
        51 51 51 51 51 51 51 51 255 255 255 255 51 51 51 51 51 51 51 51;
        51 51 51 51 51 51 51 51 255 255 255 255 51 51 51 51 51 51 51 51;
        51 51 51 51 51 51 51 51 255 255 255 255 51 51 51 51 51 51 51 51;
        51 51 51 51 51 51 51 51 255 255 255 255 51 51 51 51 51 51 51 51;
        255 255 255 255 51 51 51 51 51 51 51 51 51 51 51 51 255 255 255 255;
        255 255 255 255 51 51 51 51 51 51 51 51 51 51 51 51 255 255 255 255;
        255 255 255 255 51 51 51 51 51 51 51 51 51 51 51 51 255 255 255 255;
        255 255 255 255 51 51 51 51 51 51 51 51 51 51 51 51 255 255 255 255;
        255 255 255 255 255 255 255 255 51 51 51 51 255 255 255 255 255 255 255 255;
        255 255 255 255 255 255 255 255 51 51 51 51 255 255 255 255 255 255 255 255;
        255 255 255 255 255 255 255 255 51 51 51 51 255 255 255 255 255 255 255 255;
        255 255 255 255 255 255 255 255 51 51 51 51 255 255 255 255 255 255 255 255 ];
    
db = [
        255 255 255 255 255 255 255 255 255 255 255 255 255 255 255 255 255 255 255 255;
        255 255 255 255 255 255 255 255 255 255 255 255 255 255 255 255 255 255 255 255;
        255 255 255 255 255 255 255 255 255 255 255 255 255 255 255 255 255 255 255 255;
        255 255 255 255 255 255 255 255 255 255 255 255 255 255 255 255 255 255 255 255;
        255 255 255 255 255 255 255 255 255 255 255 255 255 255 255 255 255 255 255 255;
        255 255 255 255 255 255 255 255 255 255 255 255 255 255 255 255 255 255 255 255;
        255 255 255 255 255 255 255 255 255 255 255 255 255 255 255 255 255 255 255 255;
        255 255 255 255 255 255 255 255 255 255 255 255 255 255 255 255 255 255 255 255;
        255 255 255 255 255 255 255 255 255 255 255 255 255 255 255 255 255 255 255 255;
        255 255 255 255 255 255 255 255 255 255 255 255 255 255 255 255 255 255 255 255;
        255 255 255 255 255 255 255 255 255 255 255 255 255 255 255 255 255 255 255 255;
        255 255 255 255 255 255 255 255 255 255 255 255 255 255 255 255 255 255 255 255;
        255 255 255 255 255 255 255 255 255 255 255 255 255 255 255 255 255 255 255 255;
        255 255 255 255 255 255 255 255 255 255 255 255 255 255 255 255 255 255 255 255;
        255 255 255 255 255 255 255 255 255 255 255 255 255 255 255 255 255 255 255 255;
        255 255 255 255 255 255 255 255 255 255 255 255 255 255 255 255 255 255 255 255;
        255 255 255 255 255 255 255 255 255 255 255 255 255 255 255 255 255 255 255 255;
        255 255 255 255 255 255 255 255 255 255 255 255 255 255 255 255 255 255 255 255;
        255 255 255 255 255 255 255 255 255 255 255 255 255 255 255 255 255 255 255 255;
        255 255 255 255 255 255 255 255 255 255 255 255 255 255 255 255 255 255 255 255 ];
    
for i = 1:baris;
    for j = 1:kolom;
        d8(i,j,1) = dr(i,j);
        d8(i,j,2) = dg(i,j);
        d8(i,j,3) = db(i,j);
    end
end

drNew = changem(dr, [153, 255], [255, 153]);
dgNew = changem(dg, [51, 255], [255, 51]);

for i = 1:baris;
    for j = 1:kolom;
        d8New(i,j,1) = drNew(i,j);
        d8New(i,j,2) = dgNew(i,j);
        d8New(i,j,3) = db(i,j);
    end
end

imwrite(d8, 'object.bmp');
citra = imread('object.bmp');

imwrite(d8New, 'objectBalik.bmp');
citraBalik = imread('objectBalik.bmp');

subplot(1,2,1), imshow(citra);
subplot(1,2,2), imshow(citraBalik);
